ISS (ZARYA)             
1 25544U 98067A   21022.22515229 -.00006244  00000-0 -10577-3 0  9996
2 25544  51.6469 344.6609 0002238 275.3350 157.6252 15.48872772265973
KESTREL EYE IIM (KE2M)  
1 42982U 98067NE  21021.92605426  .00027313  00000-0  14698-3 0  9992
2 42982  51.6325 239.5852 0003745 200.7966 159.2884 15.79991449185483
DELLINGR (RBLE)         
1 43021U 98067NJ  21021.96001879  .00034225  00000-0  16532-3 0  9992
2 43021  51.6301 236.1058 0003203 166.9723 193.1363 15.82219444181304
TEMPEST-D               
1 43547U 98067NV  21021.79571095  .00019178  00000-0  14877-3 0  9998
2 43547  51.6346 284.7508 0006213 146.3821 213.7572 15.71829711143727
RADSAT-G                
1 43553U 98067PB  21021.84908496  .00061966  00000-0  24756-3 0  9999
2 43553  51.6359 253.6452 0005769 185.4474 174.6469 15.85940160144575
AEROCUBE 12A            
1 43556U 18046C   21021.69583147  .00001703  00000-0  68374-4 0  9994
2 43556  51.6409 136.2671 0007883   0.8157 359.2835 15.30844296140791
AEROCUBE 12B            
1 43557U 18046D   21021.74018108  .00001534  00000-0  63606-4 0  9996
2 43557  51.6420 137.2916 0007930   0.4267 359.6719 15.30391346140731
LEMUR-2-VU              
1 43558U 18046E   21021.71277045  .00003813  00000-0  13104-3 0  9990
2 43558  51.6397 130.5281 0006911   4.8978 355.2070 15.32558499140863
LEMUR-2-ALEXANDER       
1 43559U 18046F   21021.58967707  .00003182  00000-0  11064-3 0  9999
2 43559  51.6396 130.4746 0006879   4.4650 355.6392 15.32750237140634
LEMUR-2-YUASA           
1 43560U 18046G   21021.67562537  .00002379  00000-0  86306-4 0  9992
2 43560  51.6404 131.0244 0007260  18.2061 341.9179 15.32510129140859
LEMUR-2-TOMHENDERSON    
1 43561U 18046H   21021.66120180  .00002556  00000-0  92751-4 0  9994
2 43561  51.6403 131.6675 0007385  17.9014 342.2226 15.32187768140402
1998-067PN              
1 43638U 98067PN  21021.73440896  .00020297  00000-0  15599-3 0  9993
2 43638  51.6335 282.0465 0003383 134.6052 225.5223 15.72021081130916
1998-067PP              
1 43639U 98067PP  21021.82257703  .00093163  00000-0  31773-3 0  9991
2 43639  51.6274 259.1731 0005701 169.8346 190.2776 15.88996178131223
STARS-ME                
1 43640U 98067PQ  21021.86629073  .00031268  00000-0  19833-3 0  9991
2 43640  51.6306 273.8183 0004939 142.0312 218.1037 15.76215589131039
ISS DEB (SEDA-AP)       
1 43870U 98067PU  21021.84466929  .00004939  00000-0  65761-4 0  9990
2 43870  51.6369 309.9278 0004563 134.6449 225.4917 15.60164149118727
CATSAT-2                
1 44029U 98067PV  21021.73474171  .00068019  00000-0  33844-3 0  9998
2 44029  51.6384 280.6487 0004203 170.7616 189.3464 15.81269965112832
DELPHINI                
1 44030U 98067PW  21021.71227824  .00098239  00000-0  37703-3 0  9994
2 44030  51.6280 275.6943 0005424 166.3543 193.7609 15.86590668112861
UNITE                   
1 44031U 98067PX  21021.76821319  .00019647  00000-0  17581-3 0  9997
2 44031  51.6373 297.3927 0003487 149.2660 210.8541 15.68358497112582
CATSAT-1                
1 44033U 98067PZ  21022.11397235  .00055160  00000-0  27521-3 0  9999
2 44033  51.6386 278.6903 0003932 171.6902 188.4166 15.81296055112801
ISS DEB                 
1 44303U 98067QA  21021.85709732  .00006124  00000-0  90045-4 0  9996
2 44303  51.6409 328.1611 0005997  65.8908 294.2710 15.56953895 93754
ISS DEB                 
1 44304U 98067QB  21021.76864425  .00098894  00000-0  48299-3 0  9996
2 44304  51.6344 298.9218 0005645 114.1616 245.9977 15.81515875 94146
ISS DEB                 
1 44305U 98067QC  21017.99978115  .07702457  12184-4  93942-3 0  9998
2 44305  51.6090 302.5059 0006259 207.7361 152.3330 16.35437524 93752
ISS DEB                 
1 44306U 98067QD  21021.85885272  .00007286  00000-0  10475-3 0  9991
2 44306  51.6397 328.0888 0007099  62.2503 297.9208 15.57227741 93763
RAAVANA-1               
1 44329U 98067QE  21021.84785364  .00021360  00000-0  21355-3 0  9994
2 44329  51.6377 314.5241 0006622 101.7789 258.3950 15.65518206 91115
UGUISU                  
1 44330U 98067QF  21021.81379580  .00021476  00000-0  21642-3 0  9999
2 44330  51.6353 314.9892 0006575 101.1181 259.0554 15.65314636 91089
NEPALISAT-1             
1 44331U 98067QG  21021.83914166  .00021740  00000-0  21740-3 0  9990
2 44331  51.6351 314.4097 0006587 103.9380 256.2348 15.65500882 91107
SPOOQY-1                
1 44332U 98067QH  21021.80276812  .00020631  00000-0  20934-3 0  9999
2 44332  51.6360 314.9368 0005849 105.3296 254.8346 15.65175013 91056
RED-EYE 1 (PINOT)       
1 44364U 98067QJ  21021.68132921  .00007037  00000-0  10294-3 0  9995
2 44364  51.6412 329.9710 0007370  60.8720 299.3009 15.56813500 89309
IOD-1 GEMS              
1 44385U 98067QK  21022.16865843  .00066559  00000-0  40510-3 0  9996
2 44385  51.6361 303.1651 0005015 112.5821 247.5711 15.76809583 88755
SWIATOWID               
1 44426U 98067QL  21022.17863681  .00119902  00000-0  57120-3 0  9997
2 44426  51.6376 299.0821 0005559 120.3680  33.6427 15.81973714 88822
KRAKSAT                 
1 44427U 98067QM  21022.14789868  .00014277  00000-0  17148-3 0  9994
2 44427  51.6424 320.8287 0004403  64.7760  66.6772 15.61149501 88571
VCC A                   
1 44428U 98067QN  21021.12084164  .00022107  00000-0  23082-3 0  9994
2 44428  51.6390 320.9788 0004030  82.3864 277.7589 15.64409931 88488
ENTRYSAT                
1 44429U 98067QP  21021.81107818  .00029176  00000-0  26715-3 0  9992
2 44429  51.6353 313.5065 0003997  89.1417 271.0037 15.67529763 88646
VCC C                   
1 44430U 98067QQ  21022.10580596  .00047582  00000-0  35369-3 0  9991
2 44430  51.6343 307.2160 0004287 108.1513 251.9952 15.72327606 87577
VCC B                   
1 44431U 98067QR  21022.12982453  .00020394  00000-0  21148-3 0  9994
2 44431  51.6361 315.6658 0004067  86.2349 273.9111 15.64640778 88584
ISS DEB                 
1 44788U 98067QT  21021.85001225  .00047673  00000-0  40912-3 0  9996
2 44788  51.6373 322.7986 0006476  97.8741 262.2991 15.68863830 67499
ISS DEB                 
1 44789U 98067QU  21021.80524966  .00037592  00000-0  35090-3 0  9994
2 44789  51.6372 324.7758 0007193  96.3192 263.8624 15.66899836 67458
RWASAT-1                
1 44790U 98067QV  21022.10639538  .00010621  00000-0  15478-3 0  9994
2 44790  51.6426 333.3483 0008368  99.6990 348.3967 15.56278718 66635
AQT-D                   
1 44791U 98067QW  21022.13151164  .00008813  00000-0  12956-3 0  9990
2 44791  51.6422 333.7606 0007499  82.9030 277.2814 15.56300227 66639
NARSSCUBE-1             
1 44792U 98067QX  21022.08909676  .00013845  00000-0  17844-3 0  9996
2 44792  51.6393 330.4140 0006065  99.8825 260.2853 15.59309117 66670
STPSAT-4                
1 45043U 98067QY  21021.88573893  .00004770  00000-0  84944-4 0  9994
2 45043  51.6420 343.2942 0006303  92.6429 267.5282 15.52152104 55724
HARP                    
1 45256U 98067QZ  21021.71024587  .00010256  00000-0  15760-3 0  9998
2 45256  51.6426 340.6612 0007896  87.1481 273.0414 15.54867499 52410
1998-067RA              
1 45257U 98067RA  21021.61084279  .00008346  00000-0  13214-3 0  9991
2 45257  51.6417 341.4719 0008464  88.2224 271.9736 15.54327487 52396
PHOENIX                 
1 45258U 98067RB  21021.85738715  .00006487  00000-0  10666-3 0  9991
2 45258  51.6414 340.8553 0006743  72.5973 287.5754 15.53722093 52392
1998-067RC              
1 45259U 98067RC  21021.86021235  .00012254  00000-0  17835-3 0  9999
2 45259  51.6406 338.6364 0007815  87.6963 272.4923 15.56147988 52451
CRYOCUBE                
1 45260U 98067RD  21021.77460107  .00014437  00000-0  20878-3 0  9992
2 45260  51.6406 338.8169 0008478  87.9265 272.2697 15.56147283 52456
AZTECHSAT-1             
1 45261U 98067RE  21021.59033515  .00016136  00000-0  21950-3 0  9992
2 45261  51.6400 338.3335 0008225  87.2200 272.9733 15.57704873 52434
RADSAT-U                
1 45262U 98067RF  21021.71947460  .00008026  00000-0  12644-3 0  9999
2 45262  51.6430 340.7212 0007151 117.3587 242.8132 15.54537501 52426
QARMAN                  
1 45263U 98067RG  21021.77231916  .00012423  00000-0  18188-3 0  9993
2 45263  51.6406 339.5468 0007834  84.3864 275.8020 15.55969909 52466
SORTIE                  
1 45264U 98067RH  21021.31398489  .00005280  00000-0  91218-4 0  9992
2 45264  51.6430 344.7478 0008123  91.3102 268.8819 15.52759054 52326
ICS-EF (ISS DEB)        
1 45265U 98067RJ  21021.83997797  .00003104  00000-0  59965-4 0  9993
2 45265  51.6425 344.4816 0006111  92.9493 267.2196 15.51155175 52053
PROGRESS-MS 14          
1 45595U 20026A   21021.39156028  .00000107  00000-0  99803-5 0  9990
2 45595  51.6457 348.7866 0000446 316.5433 144.8341 15.49302983265843
G-SAT                   
1 45597U 98067RK  21022.17563399  .00007333  00000-0  11773-3 0  9998
2 45597  51.6420 340.0021 0005103 136.8777 223.2614 15.54166966 41833
QUETZAL-1               
1 45598U 98067RL  21021.60220114  .00010895  00000-0  16806-3 0  9990
2 45598  51.6423 342.9190 0002687 142.1346 217.9834 15.54703490 41676
RED-EYE 2 (MERLOT)      
1 45800U 98067RM  21021.78802370  .00004646  00000-0  84569-4 0  9994
2 45800  51.6430 344.9000 0001981 103.2041 256.9169 15.51586882 33900
RED-EYE 3 (CABERNET)    
1 45809U 98067RN  21021.59538411  .00004676  00000-0  85071-4 0  9996
2 45809  51.6429 345.8637 0002227  95.1803 264.9440 15.51582675 32852
DEMI                    
1 45916U 98067RP  21021.26848736  .00010440  00000-0  16579-3 0  9995
2 45916  51.6425 345.9408 0003081  50.3705 309.7558 15.53949053 29816
TECHEDSAT 10            
1 45917U 98067RQ  21021.86307151  .00106857  00000-0  82623-3 0  9994
2 45917  51.6355 334.8767 0007852  94.9738 265.2157 15.71028756 29969
PROGRESS-MS 15          
1 45937U 20050A   21021.39156028  .00000107  00000-0  99803-5 0  9997
2 45937  51.6457 348.7866 0000446 316.5433 144.8341 15.49302983265843
CYGNUS NG-14            
1 46530U 20069A   21022.24670222  .00002080  00000-0  88259-4 0  9993
2 46530  51.6429 347.0107 0010668 341.9563  94.2015 15.27821293 17202
SOYUZ-MS 17             
1 46613U 20072A   21021.39156028  .00000107  00000-0  99803-5 0  9993
2 46613  51.6457 348.7866 0000446 316.5433 144.8341 15.49302983265845
CREW DRAGON 1           
1 46920U 20084A   21021.39156028  .00000107  00000-0  99803-5 0  9997
2 46920  51.6457 348.7866 0000446 316.5433 144.8341 15.49302983265846
SPOC                    
1 46921U 98067RR  21021.80484609  .00006368  00000-0  11309-3 0  9997
2 46921  51.6439 345.7680 0001155 237.6198 122.4680 15.51573710 12071
BOBCAT-1                
1 46922U 98067RS  21021.79284442  .00008966  00000-0  15334-3 0  9997
2 46922  51.6443 345.6906 0000640 238.6649 121.4278 15.52069325 12038
NEUTRON-1               
1 46923U 98067RT  21021.74503309  .00006307  00000-0  11248-3 0  9996
2 46923  51.6438 346.1178 0000988 267.4356  92.6520 15.51471799 12096
1998-067RU              
1 46924U 98067RU  21022.16002633  .00014287  00000-0  23237-3 0  9995
2 46924  51.6433 343.6394 0001045   5.3171 354.7830 15.52941064 12110
LEMUR-2-BAXTER-OLIVER   
1 46925U 98067RV  21021.18783884  .00017474  00000-0  28033-3 0  9991
2 46925  51.6440 348.4014 0001186 350.2780   9.8187 15.53149581 11943
LEMUR-2-DJARA           
1 46926U 98067RW  21021.32141949  .00015166  00000-0  24570-3 0  9996
2 46926  51.6438 347.7926 0000280   5.4795 354.6198 15.52994344 11985
DESCENT                 
1 46927U 98067RX  21021.87646124  .00006252  00000-0  11169-3 0  9998
2 46927  51.6437 345.4946 0001288 310.2365  49.8512 15.51439976 12024
